1 0.7581848172983827 0.44745910449084225 0.7032168086512405 0.22728447909703015 0.5910613752439692 0.2855058707077721 0.6460293838911115 0.5056804961015843
1 0.9669912366114897 0.20617791595627324 0.9325845041034913 0.02426035502958583 0.800994575045208 0.07601043024771839 0.8354013075532063 0.2579279911744058
1 1.0187485072844518 0.5318442350741679 0.9929953256678835 0.33378760670094215 0.8791736326725579 0.364561757398342 0.9049268142891261 0.5626183857715676
1 1.0312750849027477 0.8734187680859861 0.9680511214626683 0.6431001122768225 0.8705037167216853 0.6987786532162785 0.9337276801617647 0.9290973090254422
1 0.8488681947108986 0.8234356282966799 0.7810420319255377 0.5875551790547919 0.6609297693246803 0.6593696847762064 0.7287559321100412 0.8952501340180943
1 0.6638240427146791 0.09869051006194941 0.6426503353661087 -0.03241791726444562 0.5461121157323688 3.7055683742378105e-17 0.5672858230809391 0.13110842732639508
1 0.26582278481012656 3.7055683742378105e-17 0.18683485014674056 -0.07957338576955135 0.1278718169151869 0.04212708658388019 0.20685975157857292 0.12170047235343158
1 0.4022017642337707 0.38072515320855765 0.30292991073906805 0.2834577860412311 0.2112651741245985 0.4779851899982569 0.31053702761930113 0.5752525571655834
1 0.19612984940478012 0.26312665173985894 0.10701268444111525 0.15686263280138804 0.0048842068639837095 0.33495344273486455 0.09400137182764857 0.4412174616733355
1 0.041818046310207 0.5789262614292947 0.04001129708590101 0.4538718900864568 -0.0018067492243059918 0.45512815799223383 -1.6061092580472427e-18 0.5801825293350718
1 0.25891280601426464 0.6367221490545935 0.14861512194674184 0.5342849390134946 0.06201889095932666 0.7281623306573837 0.17231657502684947 0.8305995406984826
1 0.09584086799276681 0.8122555410691004 7.031199977021422e-17 0.8122555410691004 7.822902021678165e-17 0.9986962190352021 0.09584086799276681 0.9986962190352021
1 0.5334538878842676 0.9986962190352021 0.5174064356055199 0.903243169284594 0.41430876916731096 0.9392831579316359 0.4303562214460586 1.034736207682244
1 0.8264633170344275 0.9986697800363002 0.8261963706765681 0.9594067389374404 0.7321196774745761 0.9607367082945154 0.7323866238324355 0.9999997493933752