1 0.6841577428365467 0.27774766484181795 0.6313018798972962 0.13777191101639466 0.5293284333345462 0.21013452506341662 0.5821842962737966 0.3501102788888399
1 0.8933069568084406 0.07846404779216688 0.8570793732708325 -0.009825692220016925 0.7369400364110724 0.08281486430719043 0.7731676199486806 0.17110460431937424
1 1.0377354393964067 0.2398541558151649 0.9818270639960919 0.11722598407619626 0.8114313629702004 0.26321898950814804 0.8673397383705151 0.38584716124711665
1 0.8973401995430387 0.47982893353029 0.7731025781757838 0.3955158143150851 0.7290495974488677 0.5175046445213941 0.8532872188161227 0.601817763736599
1 0.6366670975711352 0.4433896258179695 0.5529069294226359 0.38187701415735215 0.5012271201696806 0.514122565782133 0.5849872883181799 0.5756351774427504
1 0.5608142944539375 0.6256676017235896 0.4729692213572981 0.5668561843893694 0.43179587789802326 0.6824297984325748 0.5196409509946628 0.7412412157667949
1 0.4860057659574928 0.36095294662949395 0.4543239995184221 0.26912677854743444 0.3340232584796991 0.34712739326244674 0.3657050249187697 0.43895356134450636
1 0.34045738768525585 0.5330738106376309 0.303029137252639 0.41989235602789643 0.2142794551699228 0.4750464630917513 0.2517077056025396 0.5882279177014857
1 0.1911674853972676 0.38000960432417946 0.14394994745460318 0.246237003450856 0.05154418293944651 0.3075315770076946 0.09876172088211094 0.441304177881018
1 0.30413163055435977 0.29144056127467055 0.26184148849667577 0.13925906497934565 0.17734729994738602 0.1833846960855026 0.21963744200507004 0.3355661923808275
1 0.3852828324921672 0.1986843831326831 0.3455881218070412 0.07802297780504837 0.25801021746847563 0.13216638808370185 0.29770492815360167 0.25282779341133654
1 0.5937301420376092 0.04362075725997394 0.5541874812179429 -0.0714773351285766 0.3821953505089793 0.03956616357439921 0.4217380113286456 0.15466425596294975
1 0.1974266703126424 0.6591498188179432 0.14841709962628752 0.5087827064850682 0.08103800929723819 0.5500532300387355 0.13004757998359306 0.7004203423716105
1 0.2521213959012458 0.8734429103527843 0.20795294112476778 0.7313860895523288 0.1384534250955032 0.7719947525932039 0.18262187987198125 0.9140515733936595
1 0.4387027797576622 0.8776571490609055 0.361216440959848 0.8360916295733364 0.3159420289855074 0.994701986754967 0.3934283677833216 1.0362675062425362
1 0.6883138157626895 0.9125159981875816 0.5935083117870671 0.8526636213748084 0.5536734227753524 0.971241194493502 0.6484789267509748 1.031093571306275
1 0.777214337536216 0.7082693700844843 0.6848688318072397 0.6500657629111627 0.6328177860391795 0.8052623329835128 0.725163291768156 0.8634659401568344
1 0.8919611848240901 0.8874943461539468 0.8508558525053831 0.7611933079378692 0.7864175492198631 0.8006047327593644 0.8275228815385701 0.926905770975442
1 0.7556908212560385 0.9960529801324505 0.7229238201412113 0.902131431482425 0.6947528799702711 0.9206011207335713 0.7275198810850984 1.0145226693835967
1 0.05024154589371986 0.6079470198675496 5.43104232665348e-17 0.6079470198675496 6.561030436011666e-17 0.8609271523178808 0.050241545893719874 0.8609271523178808
1 0.978202937496653 0.08518553946703987 0.9533632243334159 0.01566313035701977 0.8981005746147191 0.05276879920449712 0.9229402877779561 0.12229120831451723