0 0.210131052407944 0.19262213232419456 0.20347274719539113 0.07330864622156916 0.0862402199202837 0.07985082324559141 0.09289852513283657 0.19916430934821683
0 0.15850750035709538 0.49731515215301825 0.1418486234375 0.07868893593750001 0.0884924996429046 0.08081219784698171 0.1051513765625 0.4994384140625
0 0.21643537045922176 0.4979855526608895 0.20959816562500003 0.377388309375 0.09902059360327829 0.3836574535891105 0.10585779843750003 0.504254696875
0 0.23641467812499997 0.9892400828125 0.23368931855204872 0.8928624686981813 0.12006913573954878 0.8960754124481813 0.1227944953125 0.9924530265625
0 0.23582038916605663 0.9952296442120124 0.2110091750000001 0.37578288125000003 0.15854880046060513 0.37788412007430927 0.18336001462666168 0.9973308830363218
0 0.5910378875604995 0.936737676088583 0.5740545336214627 0.5747120985567579 0.5243166460609633 0.5770454037181748 0.5412999999999999 0.9390709812500001
0 0.6052366451693091 0.9231771367091938 0.5848449546874999 0.82549895625 0.3772092267056909 0.8688458273533064 0.3976009171875 0.9665240078125
0 0.5846779938860988 0.40043359412529195 0.5640770640625 0.30031941562500003 0.35790732642640116 0.342743858999708 0.37850825624999995 0.4428580374999999
0 0.5712947318067847 0.0959097285893435 0.551091749748869 -0.003141152831244076 0.34490619294208413 0.03891362795441241 0.365109175 0.137964509375
0 0.56801616817245 0.42040006551350473 0.5516834859374999 0.0015240078125 0.5035297037025499 0.0034016047989952726 0.5198623859375 0.4222776625
0 0.44549269275663167 0.9661370796341474 0.41970825624999997 0.33385803750000004 0.3731559306808682 0.3357564484908528 0.3989403671874999 0.968035490625