1 0.20003907766901094 0.10159277512723486 0.06714744041267978 0.003984562118055012 0.020423288330722024 0.13373870020172118 0.15331492558705317 0.23134691321090103
1 0.38719371467185887 0.24585049206613888 0.23405511927098877 0.11519248940158766 0.1813414345068006 0.24121279186688702 0.33448002990767073 0.37187079453143823
1 0.35688435205935065 0.37616708250759495 0.25403206243520227 0.29472200023042444 0.15470985042680624 0.5505593685313774 0.2575621400509547 0.632004450808548
1 0.7009565800153407 0.4628364879280918 0.535649505805087 0.3424152708482083 0.4886465427449588 0.47402323220787335 0.6539536169552125 0.5944444492877569
1 0.763476864691286 0.18314780070877615 0.6767610567800321 0.12391703147800696 0.6392541234856225 0.23592036689597648 0.7259699313968763 0.29515113612674565
1 0.6370640581037754 0.0841276516213439 0.5364067163615681 -0.009627065766678843 0.4693072745483921 0.13731283201426187 0.5699646162905995 0.2310675494022846
1 0.4981024667931688 7.702360279242278e-17 0.40039309340980206 -0.06596766859319499 0.36607394175736896 0.03771594727565761 0.46378331514073573 0.10368361586885266
1 1.0165225539470746 0.4166167298785762 0.9206387792314368 0.3462449396354182 0.868638464182432 0.49076262470239557 0.9645222388980699 0.5611344149455535
1 0.9069552874631281 0.28507855423252637 0.8109254615683761 0.20453114703496236 0.7619121930549857 0.32372030164662835 0.8579420189497378 0.4042677088441924
1 0.9971537001897534 1.6486268224293976e-16 0.8738140417457305 1.54076497697604e-16 0.8738140417457305 0.08401084010840125 0.9971537001897534 0.08401084010840126
1 0.8696187447785456 0.7872434492263012 0.7394479667899307 0.6999805765975751 0.6659544980603713 0.923595734250858 0.7961252760489862 1.0108586068795844
1 0.5117984677614854 0.9106562674657385 0.4354017612616947 0.8527956592950627 0.39256191462834567 0.96816968528044 0.4689586211281363 1.0260302934511158
1 0.422642170129628 0.828179003104833 0.3238615811416347 0.7584331276000194 0.28324663176786696 0.8757627020320119 0.38202722075586026 0.9455085775368256
1 0.27245345098282786 0.7195416055333317 0.19790925918483468 0.6678758140635843 0.15828625482479292 0.7844833515725319 0.2328304466227861 0.8361491430422793
1 0.17343453510436435 0.64579945799458 0.07687928769522698 0.5670002084636232 0.02509122755802074 0.6964352720450281 0.12164647496715812 0.775234521575985
1 0.06451612903225808 0.12601626016260162 1.1270468644904483e-17 0.12601626016260162 2.1727604501001428e-17 0.3699186991869919 0.06451612903225809 0.3699186991869919
1 0.03681877314949088 0.5361143655104673 0.00189753320683116 0.518970189701897 -0.02105350380749564 0.6143252742571095 0.013867736135164076 0.6314694500656798
1 0.02751423149905131 0.9024390243902439 7.738280533511738e-17 0.9024390243902439 8.150756447835562e-17 0.9986449864498645 0.027514231499051318 0.9986449864498645
1 0.5770554017482192 0.5721133768714737 0.4676579463091425 0.5037584966013595 0.39739011416306347 0.7331422986361011 0.5067875696021402 0.8014971789062153
1 0.32922201138519924 5.89711958879487e-17 0.25334439857149926 -0.0013545901745534658 0.2531022044408976 0.026317237863833144 0.3289798172545976 0.027671828038386668
1 0.8836824492584803 0.5633299825406061 0.7443187197207621 0.4585736204433626 0.6862607893902786 0.6161167251585746 0.8256245189279966 0.7208730872558181