0 0.18112075927926385 0.35909301538861776 0.17572198805943426 0.12455398653871708 0.029737067232791386 0.12791436196515565 0.03513583845262098 0.3624533908150564
0 0.3920940171874999 0.3254972875 0.37575807541258227 0.09153588161039891 0.2420664257106025 0.10087066482825487 0.25840236748552015 0.3348320707178559
0 0.5776034574742257 0.3032253602903753 0.5762053873855137 0.06659009826946526 0.4433254097778498 0.06737516943973564 0.4447234798665618 0.30401043146064566
0 0.7955196888803949 0.26994060592390945 0.7840769441046334 0.03752663767840069 0.651385770782744 0.04405959798961064 0.6628285155585056 0.27647356623511943
0 0.27615790928901107 0.9182348491563864 0.26290291022985673 0.6832985451865405 0.036037906360282354 0.6960981651772944 0.04929290541943669 0.9310344691471404
0 0.18809454877756104 0.6954158797719272 0.17534595210600096 0.47963492633996163 0.03875010314389937 0.4877051723822112 0.051498699815459445 0.7034861258141768
0 0.3904929262326233 0.8761825380485853 0.38363346834240863 0.6323679230406776 0.2772870360095626 0.6353598637589896 0.2841464938997773 0.8791744787668974
0 0.38568376093750006 0.4575045203125 0.2820512828125001 0.4575045203125 0.2820512828125001 0.6582278484375 0.38568376093750006 0.6582278484375
0 0.9847959709983727 0.7301035828087283 0.9365818164763888 0.5307050937380042 0.5373616979133728 0.627235717286786 0.5855758524353567 0.8266342063575101
0 0.5651534804167404 0.833848403218652 0.552274056936845 0.5468212424113824 0.4643573828201137 0.5507662212548782 0.47723680630000925 0.8377933820621479
0 0.573051149400618 0.6286532320458423 0.5678155007941628 0.424831972436834 0.45877374039947066 0.427632977307234 0.4640093890059259 0.6314542369162424
0 0.7975140490256043 0.5917872623744433 0.7845874834514287 0.39487332804980835 0.673480341006666 0.4021670412524692 0.6864069065808416 0.5990809755771043