1 0.43784330859128834 0.3503009323979174 0.3456293961838033 0.26735904168611035 0.27985723931034967 0.379590226487822 0.37207115171783467 0.462532117199629
1 0.6127518082242758 0.5136611144128373 0.4713955046764304 0.379931912116414 0.4045879923626722 0.4883154124287863 0.5459442959105176 0.6220446147252097
1 0.7950082721028616 0.6831001775510526 0.6370801590723971 0.5319146707449288 0.569282736811844 0.6406101331545603 0.7272108498423085 0.7917956399606839
1 0.9260463109449156 0.49257297843065456 0.8323888968790448 0.41103907031072157 0.7757578663087076 0.5108797006622257 0.8694152803745784 0.5924136087821587
1 0.8021673141922799 0.361413570797128 0.6562576143389214 0.23036066831750218 0.59205440107674 0.3400699144893715 0.7379641009300985 0.4711228169689973
1 0.6196400189178083 0.1907766267571474 0.4743830390993883 0.06104235403729688 0.41032997619767564 0.17111290407787874 0.5555869560160956 0.30084717679772927
1 0.9367164235902996 0.19366723830065602 0.8315476020587758 0.10525608613404527 0.7833024136389148 0.19333722280171375 0.8884712351704388 0.2817483749683245
1 0.8085732791615143 0.06291716818032622 0.7242831066360477 -0.011671590618958883 0.6790908555614437 0.06671043513148794 0.7633810280869103 0.14129919393077303
1 0.2622073598165019 0.19681477642180661 0.1836297037466135 0.11818817755772955 0.11305668193866625 0.22643551927819 0.19163433800855467 0.30506211814226714
1 0.16581991330323653 0.3472348595517343 0.09163129169193453 0.2715444439806893 0.018523010578802006 0.3815239923758644 0.09271163219010403 0.45721440794690926
1 0.31386471748462696 0.5867027605426858 0.1749519794768664 0.438075845051865 0.10249964548607084 0.5420070430970462 0.24141238349383143 0.690633958587867
1 0.4819734998501673 0.7254212884226581 0.3321520842950977 0.6002433163262747 0.2701925958322198 0.7140591685103522 0.42001401138728933 0.8392371406067357
1 0.6511546840958606 0.8911201079622134 0.5082352941176471 0.758326585695007 0.44222222222222224 0.8673684210526319 0.5851416122004358 1.0001619433198383
1 0.9552152458737451 0.9594443170005355 0.854419521764806 0.8787975357170169 0.8134208796671637 0.9574429654062123 0.9142166037761028 1.0380897466897308
1 0.1045751633986929 0.9163292847503374 9.304914405286262e-17 0.9163292847503374 9.711795967094479e-17 0.9986504723346828 0.1045751633986929 0.9986504723346828
1 0.05007372442181427 0.642400361879472 0.00217864923747286 0.6032388663967612 -0.038045929495292695 0.6787432283905426 0.009849145689048716 0.7179047238732534