1 0.3521647126108093 0.47346592645913244 0.29008257077495 0.3464965043929279 0.22288354303688876 0.4090072278701941 0.28496568487274804 0.5359766499363987
1 0.2598283345843804 0.2742848493510498 0.20147025227636173 0.14735215043175187 0.11924545543552754 0.21927291469959678 0.17760353774354626 0.3462056136188947
1 0.16772546419098142 0.07508460623799507 0.0921286472148541 -0.04222079941461629 0.016332891246684352 0.05070886307509375 0.09192970822281166 0.1680142687277051
1 0.48956422936771715 0.046775344958762455 0.40734142874304247 -0.03198212690395274 0.34693869378929243 0.08799020183177152 0.42916149441396706 0.1667476736944867
1 0.6567062303042827 0.020878128379112754 0.589536730898383 -0.035271923370855655 0.5243277625665134 0.11313469421201998 0.591497261972413 0.1692847459619884
1 0.5748190045248869 0.22964581057887362 0.49592760180995477 0.16039943828990494 0.43855769230769226 0.28474801061007965 0.5174490950226244 0.35399438289904833
1 0.7038339304949695 0.3808250920110126 0.6111076839041385 0.30732033847091667 0.5421078214168392 0.4729200084404348 0.6348340680076703 0.5464247619805307
1 0.900213656910162 0.4860702942765645 0.7980519662366072 0.40273484026031675 0.7440620016868518 0.5286550083638218 0.8462236923604065 0.6119904623800696
1 0.9325 0.28700265251989404 0.8517307692307691 0.2312997347480107 0.811730769230769 0.3416445623342175 0.8925 0.397347480106101
1 1.0251492042440318 0.12551449739321324 0.931382625994695 0.07008597823104373 0.8948275862068966 0.18773438214579727 0.9885941644562335 0.24316290130796678
1 0.23810272045028139 0.6011159992236528 0.1910741088180113 0.5008669211360549 0.10459896810506569 0.5780455457074465 0.15162757973733582 0.6782946237950443
1 0.1605769230769231 0.42838196286472147 0.09145225464190983 0.32111954632763196 0.01935676392572947 0.40951248513674193 0.08848143236074274 0.5167749016738314
1 0.05894621620022484 0.3190032231702894 0.05798479152348745 0.14660983285875917 -0.000961424676737393 0.14723525690332387 0 0.3196286472148541
1 0.05288461538461546 0.7970822281167109 7.771796994588972e-17 0.7970822281167109 8.466548544105259e-17 0.9535809018567639 0.05288461538461547 0.9535809018567639
1 0.13173076923076935 0.9588859416445623 0.06923076923076932 0.9588859416445623 0.06923076923076932 0.9986737400530504 0.13173076923076935 0.9986737400530504
1 0.7451931627731984 0.8598168593645512 0.698651109894996 0.7217955991050546 0.6210512364469678 0.7715789982697882 0.6675932893251701 0.9096002585292846
1 0.9990384615384615 0.5358090185676394 0.864423076923077 0.5358090185676394 0.864423076923077 0.7347480106100798 0.9990384615384615 0.7347480106100799
1 0.4311073819843827 0.6517882845971816 0.3523670585060631 0.5956744908540114 0.2882553589799808 0.7668291948168563 0.36699568245830033 0.8229429885600266