1 0.5172927509393366 0.41876945642106095 0.5045834059282059 0.2692137252407786 0.39414681915600164 0.2927632560824348 0.4068561641671322 0.4423189872627172
1 0.5148695697188108 0.2765483810917706 0.5117086345982063 0.13384474819120576 0.39545741925496236 0.14030615714833686 0.39861835437556686 0.28300979004890164
1 0.25458898643256184 0.156763590391909 0.12210694333599362 0.156763590391909 0.12210694333599363 0.3122629582806574 0.25458898643256184 0.3122629582806574
1 0.2561851556264964 0.3122629582806574 0.131683958499601 0.3122629582806574 0.131683958499601 0.450063211125158 0.2561851556264964 0.450063211125158
1 0.26815642458100564 0.5208596713021492 0.11013567438148449 0.5208596713021492 0.11013567438148449 0.6573957016434893 0.2681564245810057 0.6573957016434893
1 0.5131683958499601 0.629582806573957 0.5042979997251097 0.46408930011091687 0.3952869920532156 0.4787509075044235 0.404157388178066 0.6442444139674637
1 0.5522909541521942 0.7855436644252988 0.5469200989012568 0.6345299489736098 0.4053217107891032 0.6471666741248377 0.41069256604004056 0.7981803895765266
1 0.2852146787527237 0.8569071316143259 0.2835972816235125 0.7006207665359421 0.16348512093275974 0.7037398840121709 0.165102518061971 0.8600262490905547
1 0.13949677454807388 0.7972048879576334 0.0003324700495065215 0.7615943623885311 -0.018709172146355046 0.9483196105544388 0.12045513235221232 0.9839301361235413
1 0.5267358339984038 0.8634639696586599 0.41500399042298486 0.8634639696586599 0.41500399042298486 0.9987357774968394 0.5267358339984038 0.9987357774968394
1 0.5195530726256983 8.739736006557281e-17 0.38148443735035914 7.400520480308911e-17 0.38148443735035914 0.10366624525916568 0.5195530726256983 0.1036662452591657
1 0.26256983240223464 4.040869969373694e-17 0.15403032721468476 2.988076260877866e-17 0.15403032721468476 0.04677623261694062 0.26256983240223464 0.046776232616940625
1 0.2944932162809259 0.934260429835651 0.19553072625698334 0.934260429835651 0.19553072625698334 0.9987357774968394 0.2944932162809259 0.9987357774968394