1 0.7516862115865723 0.07190759155562063 0.6375349699722981 -0.02135990459761332 0.5047939952020785 0.1871846395945787 0.6189452368163526 0.28045213574781264
1 1.0206010183654923 0.28394769821885835 0.9041376332437655 0.19483824439126457 0.8344443664962866 0.3117612464294604 0.9509077516180136 0.4008707002570542
1 0.9252321329736245 0.44354402641840124 0.8122084910129038 0.3487512634282722 0.7395485172237756 0.45995845175558586 0.8525721591844961 0.5547512147457149
1 0.9988262910798122 0.08510638297872355 0.9448356807511737 0.08510638297872354 0.9448356807511737 0.2034574468085108 0.9988262910798122 0.2034574468085108
1 0.4922690832129317 0.5053373372333002 0.37607730589164196 0.39962417039093706 0.29872931471124964 0.5087528396014906 0.4149210920325394 0.6144660064438539
1 0.7459013880087491 0.7258476669857642 0.6548966868832359 0.6436412208209911 0.5764012829161339 0.7551850864294892 0.6674059840416472 0.8373915325942625
1 0.6440003439357718 0.8915559624896215 0.529520029762808 0.793833951375058 0.4476645805725744 0.9169258642821123 0.5621448947455382 1.014647875396676
1 0.36914130887105784 0.6547127742653718 0.2836223379585073 0.5796221140345775 0.19925920222624308 0.702953259614346 0.28477817313879367 0.7780439198451402
1 0.26665319787577924 0.8112683118242062 0.15956809764357166 0.7310703378223178 0.07375664757571139 0.8781506014615432 0.18084174780791898 0.9583485754634317
1 0.1607981220657278 0.8882978723404256 9.925101112808067e-17 0.8882978723404256 1.052161334478712e-16 0.9986702127659575 0.16079812206572783 0.9986702127659575
1 0.31270419886502854 0.3450822254899019 0.12514749995033672 0.18333020736428293 0.0071515127435984 0.3589581520271284 0.1947082116582902 0.5207101701527475
1 0.06872583276133395 0.26277528907688974 0.06755222957116327 0.06465483989366493 -0.0011736031901706764 0.06517742315720071 0 0.2632978723404255
1 0.5083395972408787 0.0001298352457759529 0.25356648325770076 -0.0026590779661891492 0.2523688635754351 0.1377777555731097 0.5071419775586131 0.1405666687850748