1 0.9990465885953883 0.5700926848821031 0.903486615262082 0.5692619292962154 0.900166471979194 0.9511706506641128 0.9957264453125003 0.9520014062500003
1 0.9589912816766908 0.23116723344751539 0.8818389369985729 0.22754261909491555 0.8739772027529185 0.39488489920629577 0.9511295474310364 0.39850951355889563
1 0.869164224196143 0.251081657554814 0.8064803772154713 0.24720051849118801 0.7947677912508331 0.43636919663420437 0.8574516382315048 0.4402503356978304
1 0.31879546210729004 0.07249335204233615 0.25208197436744717 0.06922760332243019 0.24212277007265715 0.27267658565509406 0.3088362578125 0.275942334375
1 0.4339805705743479 0.12105846908315701 0.3671137109375 0.11530379687500006 0.3512397028631521 0.299753063729343 0.41810656249999995 0.30550773593749997
1 0.5528646985461434 0.14131017576386556 0.48750372155634836 0.13984455749689942 0.4829121871877849 0.3446094536337086 0.54827316417758 0.34607507190067477
1 0.6674929019102206 0.18786654837422548 0.6088745937500001 0.1842897328125001 0.5976071621522796 0.3689449844382747 0.6562254703125001 0.37252180000000007
1 0.7515745878940467 0.3941122792191681 0.7492902140447141 0.1964099735727677 0.6810846854424507 0.19719806213556673 0.6833690592917833 0.3949003677819671
1 0.24664961143340838 0.09648253317378452 0.17055555625000002 0.08867088593750003 0.15473603188024987 0.2427704918151971 0.23083008706365823 0.25058213905148163
0 0.39223632760277016 0.35442048371622836 0.2891055499995051 0.34736167336223733 0.26736920009380377 0.6649345440888446 0.3704999776970688 0.6719933544428357
0 0.36585655835456965 0.6760852967325899 0.039406945907655214 0.572704548947523 0.014839302959998135 0.6502827991616823 0.34128891540691253 0.7536635469467493
0 0.2451249452790055 0.30724705996433727 0.1349812443993339 0.2994181827749919 0.11262724053950997 0.6139144579177795 0.22277094141918155 0.621743335107125
0 0.8324695925908762 0.817259385376785 0.437498375 0.6935836843749998 0.4155096334310094 0.7638070181458751 0.8104808510218856 0.8874827191476603
0 0.8468184511403859 0.49278142051870927 0.7376317861575296 0.4874063150051565 0.7220173631421439 0.8045883257364472 0.8312040281250003 0.8099634312499999
0 0.6956974325674603 0.44800465832369996 0.5941165447829406 0.4404879278310475 0.5713606325279805 0.7480106960698476 0.6729415203125002 0.7555274265625
0 0.5451497494964193 0.4035039103911872 0.4464382824549447 0.3965052708426549 0.4241798506123451 0.7104466370166652 0.5228913176538197 0.7174452765651975