0 0.6233691169401026 0.0862721020457828 0.06627010871073483 0.05591355595781436 0.06247111779072529 0.20552037753914354 0.619570126020093 0.235878923627112
0 0.7684506948560184 0.14155542444808844 0.6148526862855362 0.1378967283991675 0.6122197583799296 0.3751050635426247 0.7658177669504117 0.3787637595915456
0 0.643652561247216 0.3556280587275694 0.4922048997772829 0.3556280587275694 0.4922048997772829 0.569331158238173 0.643652561247216 0.5693311582381732
0 0.4900224063804529 0.518670086239023 0.34524770251486486 0.5169868774030704 0.34405864796087643 0.7364634592541089 0.4888333518264645 0.7381466680900615
0 0.3634584060797884 0.3462425300668457 0.20634736752266708 0.3357010275607653 0.19952326330290435 0.5539647502917208 0.3566343018600256 0.5645062527978011
0 0.547470718753787 0.7326337729433263 0.45190333323583376 0.7307159756250594 0.4498890592812045 0.9461217094289152 0.5454564447991577 0.948039506747182
1 0.9988864142538976 0.2593800978792824 0.9376391982182628 0.2593800978792824 0.9376391982182628 0.4257748776508974 0.9988864142538976 0.4257748776508974
1 1.0112157442735248 0.492331049792707 0.9273759201036866 0.4250166872635731 0.8446719296425995 0.6460719254405526 0.9285117538124377 0.7133862879696864
1 0.9426951690432882 0.8227709426785635 0.8523555806062042 0.69410621254545 0.8028515922818481 0.7686979130604715 0.8931911807189321 0.897362643193585
1 0.8570033438707121 0.9349447889696525 0.7919529159756484 0.816862967484557 0.731412666025983 0.8884349501101484 0.7964630939210464 1.0065167715952439
0 0.3170903895449006 0.9886053741266274 0.07724292978106485 0.47508079657730307 -0.06814934655628856 0.6208101203484255 0.17169811320754721 1.1343346978977498