1 0.18484609172728123 0.33514401031157914 0.17080933000794526 0.06327132659714449 0.0872980577718917 0.06758300592160119 0.10133481949122766 0.33945568963603584
1 0.37950652264724705 0.22980563492992592 0.3722504234375 0.05568445468749998 0.2619754068887702 0.06027991205414558 0.26923150609851726 0.2344010922965715
1 0.5671655519434704 0.20323469404930136 0.5493958289754212 0.037359894679586746 0.4323148801569509 0.049902463130285464 0.4500846031250001 0.21577726250000007
1 0.8071065984375 0.013921114062500092 0.6531302875 0.013921114062500082 0.6531302875 0.15313225000000008 0.8071065984375 0.15313225000000008
1 0.642978003125 7.480499059680798e-17 0.578680203125 7.086788584869714e-17 0.578680203125 0.03248259843750007 0.642978003125 0.03248259843750008
1 0.9076124540868211 0.5495305917418136 0.8944666381049624 0.3985372094588181 0.7838084980806413 0.40817135052950465 0.7969543140625 0.5591647328125002
1 0.7328550326798495 0.5976233344268355 0.7309644671875001 0.49651972187500004 0.6707226141296141 0.49764620158934303 0.6726131796219637 0.5987498141411784
1 0.5815345115836903 0.6037571026546302 0.5743074071629298 0.4418934406499462 0.45313593810813363 0.44730366582853265 0.4603630425288941 0.6091673278332167
1 0.3908629437500001 0.45475638125 0.26734348593750007 0.45475638125 0.26734348593750007 0.626450115625 0.3908629437500001 0.626450115625
1 0.20861351224484626 0.6192726376286006 0.20090187678364985 0.481487474977218 0.11411577547630361 0.48634476703611734 0.12182741093749998 0.6241299296875
1 0.20385816962603598 0.8336928082345754 0.1955167740803297 0.7307510987591219 0.09615040385269275 0.7388027835643705 0.10449179939839906 0.8417444930398238
1 0.6387221495930453 0.9682893200935286 0.631133671875 0.85382830625 0.43234582593532167 0.8670074411263837 0.43993430365336694 0.9814684549699123
1 0.7862860784651489 0.9555889699527731 0.7817258890625 0.8399071921874999 0.6341069250769206 0.84572634925961 0.6386671144795695 0.9614081270248832