1 0.8629335785979297 0.27493467563578894 0.7494743460193491 0.16257520140807974 0.6918155590749746 0.26560687902136787 0.8052747916535552 0.377966353249077
1 0.620567203385708 0.14911561691113043 0.5322274650970472 0.051186367558239895 0.44304454281591016 0.19355047454702334 0.531384281104571 0.29147972389991383
1 0.7815276545325913 0.4725617062272529 0.6566676803164145 0.3558007134027169 0.6104314293201241 0.44329570646206123 0.7352914035363007 0.5600566992865973
1 0.4977477195117601 0.27554094042385785 0.39988755473991494 0.1878110941963293 0.32315604078246213 0.3392744128765202 0.4210162055543073 0.42700425910404877
1 0.231902586760742 0.16375490141934057 0.14204858829891134 0.06857403214226543 0.057609111940740004 0.2096355000828409 0.14746311040257065 0.3048163693599161
1 0.41582950300557703 0.44580355762314205 0.30740561196868926 0.34701430578617953 0.20659853629490596 0.5428002164691329 0.31502242733179375 0.6415894683060954
1 0.2859408574644429 0.7033348457350274 0.17469217913298546 0.5781125226860254 0.06581397728435487 0.7492831215970963 0.17706265561581233 0.8745054446460981
1 0.48820451902839623 0.6876176437889833 0.4133051258791506 0.6382741488435928 0.34651069281677505 0.8176912298591916 0.4214100859660207 0.8670347248045821
1 0.7281972568071832 0.8357855859452985 0.5443935831428255 0.7304593836357715 0.4780054655329605 0.9354732534070251 0.6618091391973181 1.0407994557165523
1 1.0153500681690593 0.7622190611664297 0.8501456946560804 0.6023897581792319 0.7890234448097948 0.7141891891891893 0.9542278183227737 0.8740184921763869
1 0.10979228486646887 0.21973684210526315 2.1924932803726107e-17 0.21973684210526315 3.216060585297945e-17 0.4421052631578947 0.10979228486646887 0.4421052631578947
1 0.4698318496538081 6.28437173246668e-17 0.2987141444114738 4.890530309752917e-17 0.2987141444114738 0.1065789473684211 0.4698318496538081 0.10657894736842113
1 0.12734794300022548 0.8871574429854173 0.04189960201502254 0.7976432788016914 -0.047596794027392156 0.9488226545725873 0.03785154695781078 1.0383368187563131