1 0.6409701989952741 0.3369039256233411 0.6362176101236854 0.15077976186822423 0.551725 0.1529372390625 0.5564775888715887 0.3390614028176168
1 0.7359589788162458 0.3290450137062139 0.7277291671875 0.14572385 0.6332931055587541 0.14996335504378602 0.6415229171875 0.3332845187499999
1 0.8751521482859126 0.30445635904357304 0.8548854171875002 0.116866109375 0.774523113129738 0.1255482301657394 0.7947898442281502 0.3131384798343125
1 0.9714231897755508 0.2575318536224924 0.95043125 0.06781171562500003 0.8525705602244491 0.07863969481500767 0.8735624999999999 0.26835983281250003
1 0.9791666671874999 0.5857740578125 0.9753952583636192 0.3948857132478465 0.8800291671875001 0.39676987500000005 0.883800576011381 0.5876582195646536
1 0.8875857166593963 0.6015963723429582 0.8771541671875 0.39532635937500005 0.7905747005281036 0.3997048823445418 0.80100625 0.6059748953124999
1 0.7565962050877182 0.6315994762797594 0.7385062500000001 0.43572385 0.6440028223302499 0.44445164730000464 0.6620927774179679 0.640327273579764
1 0.6688006038076207 0.669650417545385 0.6400854171875 0.45159414218749994 0.5538993961923792 0.462943724642115 0.5826145828124999 0.681
1 0.5151532399202576 0.4952616778655486 0.41953958281250003 0.49487866093750005 0.4187483305468856 0.6924013218696163 0.5143619876546432 0.6927843387976649
1 0.4195395828125001 0.49054811718750024 0.33634121316795546 0.4902268277078348 0.3355154628917896 0.7040560411078167 0.41871383253633415 0.7043773305874821
1 0.28213113242817356 0.7389092472309672 0.25502916718750007 0.5323891218750001 0.16064706172202076 0.5447750360189995 0.1877490269626943 0.7512951613749665
1 0.19889533186913327 0.7927052818526528 0.163075 0.5713472796875001 0.0776859181308667 0.5851650103348471 0.11350624999999999 0.8065230124999998
1 0.2531149195438578 0.23963901798072068 0.1624765192347445 0.23743751028191978 0.1579240996908868 0.4248654376136992 0.2485625000000001 0.42706694531250006
1 0.16469494986648156 0.22172834147546605 0.07640101518282896 0.21787705993578937 0.06794315119296576 0.4117808509182832 0.1562370858766184 0.4156321324579599
1 0.5021790899577695 0.3864872227819421 0.4906604171875001 0.17169037656250002 0.39872829184478914 0.17662031891284646 0.41024696461505855 0.3914171651322885
1 0.4186579638916282 0.4021973550250476 0.40014374999999996 0.22074895468750005 0.3119462032958717 0.2297482527874525 0.33046041718749997 0.4111966531250001