1 0.4354762645969552 0.1927569335653276 0.22670688763118108 0.10151108182161052 0.17004570382417195 0.24523808020335286 0.3788150807899461 0.33648393194706994
1 0.695984738171531 0.30883439122298534 0.5035287458867427 0.23597409499979402 0.4430915840168274 0.412962010014994 0.6355475763016158 0.48582230623818523
1 0.9529488177155778 0.4083859687606858 0.8031703237112519 0.3514364794157307 0.7501191781913101 0.5061233443227935 0.899897672195636 0.5630728336677485
1 0.8693929521195624 0.6193612327220431 0.7296377864535428 0.5575145657539268 0.6727217196730843 0.7001033927256605 0.8124768853391038 0.7619500596937767
1 0.7894379229388208 0.8206718045659445 0.6330783041016435 0.7625650719790608 0.585515812733048 0.9044583393921772 0.7418754315702252 0.9625650719790609
1 0.483509997294705 0.8553745759639539 0.3296524925604389 0.7946241292694928 0.26730773960305954 0.9696765673149129 0.4211652443373257 1.030427014009374
1 0.13955348059030775 0.7811933198089855 0.0008016860159085081 0.720098656111009 -0.04420891725408137 0.8334297838480138 0.09454287732031787 0.8945244475459904
1 0.23770618393979084 0.5995653367106386 0.05969600769289304 0.5203413896611501 0.008169975376914624 0.6486967771847797 0.18618015162381243 0.7279207242342681
1 0.31972823226314656 0.38680482697860197 0.13597911151088313 0.3145741707151539 0.08752951485133822 0.45121891149644533 0.27127863560360166 0.5234495677598934
1 0.9982046678635548 1.174873819597886e-16 0.8061041292639138 1.0510201263003749e-16 0.8061041292639138 0.10586011342155022 0.9982046678635548 0.10586011342155023
1 0.7127468581687613 8.310930073608692e-17 0.5763016157989228 7.431221597850669e-17 0.5763016157989228 0.03780718336483941 0.7127468581687613 0.03780718336483942
1 0.6822262118491923 0.9224952741020794 0.5044883303411133 0.9224952741020794 0.5044883303411133 0.998109640831758 0.6822262118491923 0.998109640831758