0 0.41508155736988417 0.05468232300474468 0.21539624818615713 0.05135541427321852 0.21264386906531 0.3303477236840611 0.41232917824903703 0.33367463241558726
0 0.574468085106383 0.3317972350230415 0.3785565490289329 0.3270384553017924 0.3750085920069256 0.5737113935092771 0.5709201280843755 0.5784701732305263
0 0.23956265686773082 0.30857100220643885 0.04206925966633315 0.3014418242736695 0.03654915599009174 0.5596910985649265 0.23404255319148942 0.5668202764976958
0 0.03900709219858161 0.4792626728110599 4.516427911749104e-17 0.4792626728110599 5.200406177230338e-17 0.6244239631336406 0.03900709219858162 0.6244239631336406
0 0.1950354609929079 0.7626728110599079 0.003546099290780211 0.7557603686635946 -0.0003814038944207479 0.9395023609961308 0.19110795780770692 0.9464148033924442
0 0.3847517730496455 0.8110599078341014 0.18085106382978733 0.8110599078341014 0.18085106382978733 0.9976958525345622 0.3847517730496455 0.9976958525345622
1 0.9872445740929893 0.5549630099027723 0.9006370860239253 0.4545807351524039 0.8398888561882174 0.5430944944186763 0.9264963442572813 0.6434767691690447
1 0.9832814391973708 0.7102843655164665 0.8653753675834631 0.5663470832865012 0.8040295796574988 0.6512116443745084 0.9219356512714064 0.7951489266044736
1 0.8890359744552486 0.8450278374377048 0.7826048586373991 0.7192901974685656 0.676221879913995 0.8713639301874596 0.7826529957318443 0.9971015701565987
1 0.8102836879432623 0.11751152073732725 0.7489507266066618 -0.003778066197604903 0.6226083036140291 0.10411620049498446 0.6839412649506296 0.22540578742991663
1 0.99822695035461 0.09677419354838726 0.9397163120567376 0.09677419354838726 0.9397163120567376 0.30184331797235037 0.99822695035461 0.30184331797235037
1 0.7269503546099291 0.9516129032258065 0.6471631205673759 0.9516129032258065 0.6471631205673759 0.9976958525345622 0.7269503546099291 0.9976958525345622