0 0.2912946421875 0.21063394687499998 0.08482142812500003 0.21063394687499998 0.08482142812500004 0.3803680984375 0.29129464218750006 0.3803680984375
0 0.444252234116315 0.23544659011127847 0.4407155868285054 0.08856120477228778 0.27632165890353877 0.0925194157133314 0.2798583061913483 0.23940480105232206
0 0.6127232140625 0.23312883437500004 0.6109201033832894 0.09043954134860854 0.44329870389204207 0.09255770963633699 0.4451018145712526 0.23524700266272847
0 0.775198012855172 0.09824462706904062 0.6138682870498956 0.09603860970235838 0.6119938562195696 0.23311885959733467 0.773323582024846 0.2353248769640169
0 0.9453352098351347 0.10250929918561683 0.7767857140625 0.09815950937500009 0.7732498838089522 0.23516898163007824 0.9417993795815869 0.23951877144069494
0 0.9988839281249999 1.1891101734159173e-16 0.9430803578125 1.1549403415338187e-16 0.9430803578125 0.11247443750000012 0.9988839281249999 0.11247443750000012
0 0.38408901417912367 0.7056774408245217 0.2191389647282252 0.7034049621921954 0.21526088708074975 0.9848989620150534 0.3802109365316483 0.9871714406473797
0 0.7712053578125001 0.7055214718750001 0.6093750000000001 0.705521471875 0.6093750000000002 0.985685071875 0.7712053578125002 0.985685071875
0 0.9067671821987393 0.7131256518540027 0.9039642619649637 0.4280874951959655 0.740400203549614 0.429695900941449 0.7432031237833894 0.7147340575994862
0 0.6339285718750002 0.9795501015625 0.4787946421875001 0.9795501015625 0.4787946421875001 0.9979550109374999 0.6339285718750002 0.9979550109374999
0 0.2332589281250001 0.9775051124999999 0.08370535781250013 0.9775051124999999 0.08370535781250013 0.9979550109374999 0.2332589281250001 0.9979550109374999