1 0.2711499550731599 0.09574032525132058 0.09174444501788476 -0.012760569300882233 0.025145003195826778 0.17085895808164261 0.20455051325110196 0.27935985263384544
1 0.4881769342158889 0.25795840440757206 0.31390582098441167 0.15719687143849598 0.259414154789595 0.31434403414362594 0.43368526802107227 0.415105567112702
1 0.7272551697498932 0.4179952615921764 0.5614713956600312 0.3206886723551313 0.5129812799183325 0.45844095694461773 0.6787650540081944 0.5557475461816629
1 0.9307673688427991 0.5535818015434305 0.8227039171484114 0.48262876489059486 0.742710040817565 0.6857757624023113 0.8507734925119527 0.7567287990551471
1 0.4879959718026184 0.6905851755526661 0.28046324269889233 0.5624187256176855 0.23192656286311883 0.6934660398119438 0.43945929196684486 0.8216324897469243
1 0.157025909429971 0.474729120486981 0.013530601264819801 0.39328134843651147 -0.04265461917258474 0.558335479593377 0.10084068899256646 0.6397832516438466
1 0.8252131449833189 0.8370676106215619 0.6506289853931617 0.7147553289332083 0.5694066738569831 0.9080660457645906 0.7439908334471402 1.0303783274529443
1 0.40140986908358517 0.9581274382314694 0.20644511581067485 0.8322496749024707 0.1470292044310172 0.9856957087126138 0.34199395770392754 1.1115734720416126
1 0.09768378650553886 0.8686605981794538 8.854948658487408e-17 0.8686605981794538 9.471588537212157e-17 0.9986996098829649 0.09768378650553886 0.9986996098829649
1 0.9366136727584898 0.005681212560489645 0.6968121110065542 -0.022469035792704935 0.6858831492579203 0.13276769916220776 0.9256847110098559 0.16091794751540234
1 0.4739016947346793 0.040072979072563186 0.19185685186735363 -0.0749378465932727 0.16071695825438018 0.05239556753675974 0.4427618011217059 0.16740639320259562
1 0.998992950654582 0.11313394018205476 0.9667673716012085 0.11313394018205476 0.9667673716012085 0.2301690507152147 0.998992950654582 0.2301690507152147
1 0.9745298943135758 0.21907177135347 0.9224124028340733 0.18382009264701105 0.8896134149007464 0.26467566604500914 0.9417309063802489 0.2999273447514681