1 0.9895116345262179 0.09662617154787705 0.8893939579424809 0.023993071090155946 0.8147251815647161 0.25536130135021945 0.914842858148453 0.32799440180794054
1 0.8781508795493068 0.4143012666539945 0.7997890065172859 0.3269372778747403 0.753641673748446 0.4199853692535441 0.8320035467804668 0.5073493580327985
1 1.0539111314813012 0.6274863302328119 0.9233830591126367 0.4421743426910779 0.8607263889602894 0.5413845214359593 0.9912544613289539 0.7266965089776931
1 0.7332486388384756 0.6928979591836738 0.6618148820326679 0.6125714285714288 0.6146642468239565 0.7068299319727894 0.6860980036297641 0.7871564625850344
1 0.6227077948746395 0.604867142586572 0.5208189042549999 0.5116551958861837 0.4813056132929757 0.6087479831790368 0.5831945039126153 0.701959929879425
1 0.6546531821156532 0.2100678248994766 0.5452641699107401 0.11750823154540638 0.5109531841396852 0.20866186177073068 0.6203421963445981 0.3012214551248009
1 0.5078144251644455 0.11128146005676806 0.4052744896656048 0.028920666383500895 0.3693230975665471 0.1295389116994667 0.4718630330653879 0.21189970537273387
1 0.4092558983666062 6.456471219994549e-17 0.2813067150635209 5.281810004485863e-17 0.2813067150635209 0.08027210884353748 0.4092558983666062 0.0802721088435375
1 0.22271799742343176 0.21395086532022148 0.15884919552767932 0.15809100842409507 0.1109946117751051 0.28108984526453074 0.17486341367085753 0.3369497021606571
1 0.3375306614321541 0.3163854608285704 0.24333691018241935 0.23635708278265052 0.20821535582525239 0.32928374040953645 0.3024091070749871 0.4093121184554563
1 0.2753058410362347 0.5445950804529038 0.18572753074221282 0.4656899953616016 0.14724914352282756 0.5638881316262132 0.23682745381684941 0.6427932167175153
1 0.16600178063897547 0.3666923373122834 0.0908040269835291 0.30405596200744456 0.033960551998082414 0.4574637402130664 0.10915830565352878 0.5201001155179054
1 0.11287170180092149 0.7549973835688121 0.014239843640932661 0.6564102564102564 -0.03727488482479399 0.7722658294086866 0.061356973335194825 0.8708529565672423
1 0.21182867054631982 0.8719253349390339 0.13174676180294867 0.7972882303606378 0.09862564281056202 0.8771746844153891 0.17870755155393317 0.9518117889937853
1 0.33506353981068976 0.9800713815398322 0.23120830044560017 0.8860564627625118 0.19536710286020295 0.9750590557120316 0.2992223422252926 1.0690739744893523
1 0.5472350729563321 0.804424475360436 0.4439312174151651 0.7034121871560295 0.40120085496829966 0.8016474494307008 0.5045047105094668 0.9026597376351071
1 0.6582937683660807 0.9170368619608199 0.5459848261310677 0.8041410238928534 0.5038356662718928 0.898398072814872 0.6161446085069058 1.0112939108828385
1 0.8931055009228358 0.8833101874114397 0.8034626443908854 0.7845318560977643 0.7602907745492301 0.8726049741291426 0.8499336310811805 0.971383305442818
1 0.7667876588021778 0.9959183673469386 0.7658581803310973 0.9562011832092197 0.714134042400063 0.9589222716445938 0.7150635208711433 0.9986394557823127
1 0.40900274193375863 0.6339761837937533 0.3264265008432606 0.5560228806650362 0.27752541369683276 0.6724696951472142 0.3601016547873308 0.7504229982759313
1 0.48567639257294426 0.43690214547357414 0.4007538740751082 0.36414442700156996 0.3611056819768254 0.468173731030874 0.4460282004746614 0.5409314495028782
1 0.050816696914700546 4.6653211396089644e-18 0 0 4.1673552602564195e-18 0.10204081632653061 0.05081669691470055 0.10204081632653061