1 0.4983763844590835 0.1959814952689062 0.40342608489392145 -0.016520360938413137 0.2972637325732483 0.08806440397889331 0.3922140321384105 0.3005662601862127
1 0.748528763421745 0.022286981311371697 0.5901253881343478 0.01493682469292236 0.5865178126999928 0.18635131805863522 0.74492118798739 0.19370147467708457
1 0.7817354324586977 0.5012289754689755 0.7763164237123421 0.2893402597402598 0.6559600388726919 0.29612675324675325 0.6613790476190476 0.508015468975469
1 0.8187799161476434 0.8384393225139279 0.7890780005381942 0.6058970520950436 0.6774793541109823 0.6373242571233964 0.7071812697204316 0.8698665275422807
1 0.5328395509147055 0.6748041698097192 0.47582483128022096 0.5280632550332885 0.3694836425136092 0.6191597279277636 0.4264983621480937 0.7659006427041944
1 0.6114116489317675 0.8739608796391132 0.5549070642227147 0.696288709537921 0.44840569846685857 0.7709651722270021 0.5049102831759112 0.9486373423281942
1 0.33392093470994916 0.8044336520172951 0.2768232265994196 0.6456939245043335 0.1551895463586534 0.742154794199404 0.21228725446918298 0.9008945217123656
1 0.4269714717466514 0.9764005544954253 0.3954779201085977 0.8443634182160986 0.2623543164166664 0.9143709699051005 0.2938478680547201 1.046408106184427
1 0.2170415627691713 0.5868595631206908 0.15622367902389703 0.4092590561433291 0.05497721963536774 0.4857009130006162 0.11579510338064203 0.6633014199779779
1 0.1253553949663877 0.36845675760597424 0.08590358303018297 0.23509386271137633 -0.03945181193620472 0.31685355532185233 0 0.45021645021645024
1 0.33269083324547855 0.31150354711873934 0.2868971754529161 0.15197296070618793 0.14441819484218524 0.24214594694467337 0.19021185263474763 0.4016765333572247
1 0.07094266277939755 0.9393939393939394 7.896532081965684e-17 0.9393939393939394 8.140509335440131e-17 0.9985569985569985 0.07094266277939755 0.9985569985569985
1 0.8435374149659864 0.9725829725829725 0.7978620019436345 0.9725829725829725 0.7978620019436345 0.9985569985569985 0.8435374149659864 0.9985569985569985