1 0.3056927474118777 0.07633328382005558 0.15023963202806423 0.06380239369055982 0.13456571742868656 0.2582465895580042 0.2900188328125 0.2707774796875
1 0.48631649687782164 0.08352021072922687 0.3148439314183423 0.07469706253834639 0.30464107612733843 0.2729834036391957 0.4761136415868177 0.2818065518300762
1 0.2217297540606705 0.5325136831922863 0.05419241403131383 0.4834777208476722 -0.002845480823681057 0.6783546382766121 0.1646918592056756 0.7273906006212263
1 0.4264200509218323 0.6849608592425185 0.24482109218750012 0.6085790890625 0.17433324439066786 0.7761651470074818 0.3559322031250001 0.8525469171875002
1 0.6163784706114057 0.7736972924723075 0.4369114874999999 0.6970509390624999 0.36512003768600093 0.8651501941232584 0.5445870207974067 0.9417965475330661
1 0.6425517890625001 0.9032305624999999 0.6412900187500001 0.9032305624999999 0.6412900187500001 0.90411528125 0.6425517890625001 0.90411528125
1 0.7544460469967481 0.8152611026094508 0.5863337883903896 0.7806484714503303 0.546957697616359 0.9718966757454541 0.7150699562227175 1.0065093069045747
1 0.9463313139329935 0.8604864500197899 0.7620953072963323 0.8540156377526419 0.7570621468750002 0.9973190343750001 0.9412981535116612 1.0037898466421482
1 0.7217266752147767 0.006701299713155795 0.6021557467139842 0.002280646933386732 0.5933835855635432 0.23955226856289777 0.7129545140643357 0.24397292134266682
1 0.9909200079095368 0.03447109116036562 0.8618894552881683 0.026917982771513093 0.8485869102728394 0.2541667717776104 0.977617462894208 0.2617198801664629
1 0.9482734378237676 0.42828833809062256 0.7838589951487841 0.4180223269973847 0.7706799837340701 0.6290896828650117 0.9350944264090535 0.6393556939582495
1 0.7810996220498921 0.3568288613656193 0.6185395054214287 0.3373329956213967 0.5937586950346939 0.5439599533295567 0.7563188116631574 0.5634558190737793