1 0.20007454619625772 0.04451823226155449 0.040527577817023805 0.01898568958027687 0.024332140024114362 0.17012290076961537 0.1838791084033483 0.195655443450893
1 0.46419647399614394 0.10011700468018728 0.2698926729632362 0.062124896760576344 0.24976768023789545 0.21583692759475087 0.44407148127080315 0.2538290355143618
1 0.6437879579583151 0.18337075578148343 0.5116052519229778 0.13654900441090995 0.4812796893110436 0.264404698131917 0.6134623953463809 0.3112264495024905
1 0.8573289614590579 0.24931192660550477 0.7077357886485831 0.1944684295736645 0.6739531237924906 0.3320831084727471 0.8235462966029655 0.3869266055045873
1 0.9305374382085916 0.29229458619074006 0.8518247908045496 0.25499584699919087 0.8112788218307423 0.3827815521574308 0.8899914692347842 0.42008029134898
1 1.0278967386053213 0.3284426792614858 0.9278466714098746 0.2913258909403179 0.8977490842973463 0.4124869042507515 0.997799151492793 0.4496036925719194
1 0.9470517448856799 1.309291504382538e-16 0.7990373044524669 1.1985330071067112e-16 0.7990373044524669 0.08970588235294132 0.9470517448856799 0.08970588235294133
1 0.6608904933814682 0.7138235294117647 0.5009626955475331 0.6486764705882353 0.4637785800240675 0.7850000000000001 0.6237063778580023 0.8501470588235295
1 0.8466197729864282 0.7790993560350301 0.7197050147127737 0.7392770762579489 0.6910593794885402 0.8756187707222688 0.8179741377621947 0.9154410504993502
1 0.22462954033025334 0.5943692928434913 0.10649213848893709 0.5744233195507976 0.07713856176781085 0.8340668057411965 0.1952759636091271 0.8540127790338901
1 0.19160602138818894 0.8407733629300778 0.045757101014917353 0.8231698113207547 0.03175623822173793 0.9964073251942287 0.17760515859500953 1.0140108768035518
1 1.0454873646209386 0.8844117647058825 0.9222623345367029 0.8091176470588236 0.8690734055354995 0.9391176470588237 0.9922984356197352 1.0144117647058823