1 0.9344298805495049 0.2662057752177367 0.7689483033032216 0.19763924425566248 0.718213077086038 0.36245100139905967 0.8836946543323212 0.4310175323611339
1 0.9831932773109243 7.916910704847913e-17 0.8652553765985891 -0.04905143098160854 0.8033037820806557 0.15143976872314444 0.9212416827929911 0.20049119970475307
1 0.456820347877903 0.24500466947778674 0.3317278725713798 0.1571101390331958 0.2544317581894877 0.3051804924985142 0.37952423349601094 0.39307502294310526
1 0.2999406981323684 0.10951992001084397 0.12005233050303979 -0.022988379264241795 0.05623653663296887 0.09361987444423497 0.23612490426229749 0.22612817371932076
1 0.1582054655923505 0.2802386541946942 0.041952851009399404 0.18871805476152825 -0.05075777035705112 0.34722725669314325 0.06549484422589998 0.4387478561263092
1 0.2641125372843954 0.3813983183132284 0.1680739355661545 0.3151917387548116 0.08079723662206267 0.48559743293272994 0.17683583834030356 0.5518040124911467
1 0.3796034578619921 0.5251352490419485 0.2909373614585314 0.4630881911749648 0.2191179076470788 0.6012282408953583 0.3077840040505395 0.6632752987623423
1 0.5702766499858372 0.6100622828706459 0.4799573762089106 0.5460267284279055 0.3898647099289154 0.7170636286814186 0.480183983705842 0.781099183124159
1 0.7113051680790973 0.7657166780205031 0.6086434573829533 0.7186629526462397 0.5731048121292026 0.8230283344013899 0.6757665228253465 0.8700820597756532
1 0.7730512582391448 0.5842770799390341 0.6789734761829261 0.5425448047511432 0.6439801581009764 0.6487244442108584 0.7380579401571951 0.6904567193987492
1 0.8127676618363647 0.4741812312329397 0.7178309868321633 0.43427456099430384 0.6835562297700365 0.5440244335101735 0.7784929047742379 0.5839311037488094
1 0.17264206858745096 0.8462758654002576 0.07893426455692912 0.782115181641472 0.019987504668999477 0.8979950063933045 0.11369530869952132 0.9621556901520901
1 0.30022597274203805 0.9078731771260035 0.22713791398912517 0.8569965590693103 0.15574465080149721 0.9950434212682286 0.22883270955441007 1.045920039324922
1 0.08809879931759347 0.7879590978120958 0.005480687502401396 0.7174805553513643 -0.049066678889410804 0.8035468790811084 0.03355143292578128 0.8740254215418399