1 0.41312499999999996 0.07617328519855601 0.263125 -0.010469314079422351 0.20875 0.11516245487364624 0.35875 0.2018050541516246
1 0.3625 4.266368812914064e-17 0.240625 3.4042528351749527e-17 0.240625 0.039711191335740116 0.3625 0.03971119133574012
1 0.4703125 7.695408690542601e-17 0.4098437500000001 -0.02328519855595661 0.3910937500000001 0.04169675090252713 0.4515625 0.06498194945848382
1 0.12458470782280866 0.07693851927716176 0.007805136663524987 0.033419871587665066 -0.038348256361922725 0.19870566899287842 0.07843131479736096 0.24222431668237515
1 0.34311177715091684 0.23355160316304563 0.17038963328631876 0.12227268792675912 0.08432783850493653 0.30054584430198633 0.25704998236953464 0.4118247595382728
1 0.20731053542887593 0.5595889054082385 0.11389601092168355 0.5227396432974502 0.07847878929142252 0.6425627345272142 0.1718933137986149 0.6794119966380023
1 0.121875 0.5252707581227437 0.031198041491911365 0.4798118374348115 -0.010563960455362453 0.5909848955145108 0.08011299805272618 0.6364438162024431
1 0.31272617611580217 0.5516410968806749 0.22428000603136322 0.5137981039310552 0.17161866706875764 0.6780558543414928 0.26006483715319667 0.7158988472911124
1 0.179038948541329 0.8762168756472741 0.05061233792544577 0.8172782006798939 -0.001978069286871875 0.9702113405379471 0.12644854132901137 1.0291500155053273
1 0.06138242580125173 0.7911667366140841 0.0031250000000000444 0.7635379061371841 -0.058257425801251594 0.9362700864906092 8.881784197001253e-17 0.9638989169675091
1 0.3556875000000001 0.9503249097472924 0.2562750000000001 0.9294440433212997 0.2455000000000001 0.9979061371841154 0.3449125000000001 1.0187870036101083
1 1.0124476522842643 0.7894060730451358 0.8764181472081221 0.7243801425717901 0.8203585025380713 0.8808884165002111 0.9563880076142135 0.9459143469735568
1 0.9406370824311787 0.5024013417587807 0.8499125231982679 0.45604388855451644 0.8125633119393753 0.5535938611409196 0.903287871172286 0.5999513143451838
0 0.8605091292134833 0.10238510526102318 0.7463658707865171 0.02180262037074615 0.3486587078651685 0.7736218715774957 0.46280196629213466 0.8542043564677728