1 0.5048905994414346 0.29597361650006226 0.4741407312288926 0.17156646498633893 0.33396412472281 0.23320287768791748 0.36471399293535195 0.3576100292016408
1 0.7237858034055613 0.27899815177700626 0.7105649967444564 0.1449831253109559 0.5601164589111334 0.1713863109361276 0.5733372655722383 0.305401337402178
1 0.48571332956375496 0.08567702565337751 0.45111087327618354 -0.050214458900781266 0.33682698108865045 0.001553805898061934 0.37142943737622186 0.1374452904522207
1 0.2704198534774928 0.15613619255743932 0.21948790354471975 -0.033506369700489924 0.056459888902233364 0.044383437476395254 0.10739183883500641 0.2340259997343245
1 0.2254203758654797 0.3558047493403694 0.200593471810089 0.2564643799472296 0.06765578635014838 0.31556728232189973 0.09248269040553907 0.4149076517150395
1 0.43212845282925516 0.848489638771698 0.3904730907457548 0.652711007102205 0.28437332990977904 0.6928701032711525 0.32602869199327933 0.8886487349406456
1 0.6287952731316157 0.7057332966194152 0.5884007750935222 0.5500883573890828 0.4427270957381616 0.6173445380494453 0.4831215937762551 0.7729894772797776
1 0.8584120757284982 0.6088794979786254 0.8149705343039141 0.445280931918388 0.6491371618711719 0.523616963470761 0.692578703295756 0.6872155295309984
1 0.9169059837759445 0.8334918724828064 0.8811051828555819 0.6812882860501867 0.7505164575736206 0.73593165146384 0.786317258493983 0.8881352378964597
1 0.6515941576762813 0.9592443322214124 0.6304913618344338 0.8616703495479199 0.4595414928784395 0.9274419844859567 0.4806442887202871 1.025015967159449
1 0.47279920870425335 0.9379947229551451 0.33036597428288833 0.9379947229551451 0.33036597428288833 0.9986807387862797 0.47279920870425335 0.9986807387862797
1 0.2037586547972305 0.9986807387862797 0.17210682492581605 0.8944591029023746 0.06929270114085734 0.9500057201277677 0.10094453101227178 1.0542273560116726
1 0.08579471962261283 0.8394357621270551 0.030343148444038664 0.7100060888979095 -0.03932131172487261 0.7631012786685611 0.016130259453701546 0.8925309518977067