1 0.3982289690069576 0.5128009753124049 0.3375711574952561 0.3301203901249619 0.25439595192915876 0.4202986894239561 0.3150537634408602 0.602979274611399
1 0.5263667840237448 0.36173221622631796 0.4609035785128567 0.17292050712712045 0.3661765766331259 0.28016029607080717 0.431639782144014 0.46897200517000465
1 0.6388390977697347 0.23542321788286377 0.5864959060479125 0.09798102273166152 0.4894068515167238 0.21871352577562675 0.541750043238546 0.356155720926829
1 0.7710177255588619 0.08092264556129779 0.7174025280536966 -0.0683285947980081 0.6114030961905338 0.05600466298803749 0.665018293695699 0.20525590334734337
1 0.8336917562724016 1.8407842895339382e-16 0.7462483099220669 -0.0012951627416408532 0.7459861807910829 0.05649208700207653 0.8334296271414177 0.05778724974371758
1 1.000465988100205 0.35747836801398936 0.9336056275846578 0.1633092742240433 0.8253131575287317 0.2850681654268203 0.8921735180442789 0.47923725921676635
1 0.8371537104162863 0.4661484621409814 0.7912425425138284 0.32345512500994805 0.7000028975176964 0.41930952370979435 0.7459140654201545 0.5620028608408277
1 0.7357665004787534 0.667559039249898 0.6621969822035858 0.4698537873685437 0.5631780411837863 0.5901665773940528 0.6367475594589538 0.7878718292754069
1 0.5788025827154741 0.7730261311984439 0.5317862919400126 0.6299386468640691 0.4332228303766675 0.7356876975739324 0.48023912115212913 0.8787751819083071
1 0.4652329749103943 0.8380829015544041 0.3096774193548388 0.8380829015544041 0.3096774193548388 0.9987046632124352 0.4652329749103943 0.9987046632124352
1 0.2189441285770131 0.6732502521525363 0.1626966336614066 0.5302028665511018 0.056569135380946024 0.666461805149873 0.11281663029655252 0.8095091907513075
1 0.14460218559122257 0.5194728074287089 0.08723085416830982 0.37921380341284827 0.015980054508329643 0.4743767181423161 0.0733513859312424 0.6146357221581767
1 0.0759856630824373 0.19300518134715025 1.3431610055164518e-17 0.19300518134715025 2.1815392802015576e-17 0.44041450777202074 0.0759856630824373 0.44041450777202074
1 0.2813459639165936 0.17693596712894386 0.25736677377623834 -0.04332625059488298 0.12048185396931382 0.005332832849606868 0.1444610441096691 0.2255950505734337
1 0.3613304929670718 0.00005524372116574789 0.2552072285366159 -0.0012952083137945584 0.2548002278691832 0.10313842149417568 0.3609234922996391 0.104488873529136
1 0.04659498207885305 0.8536269430051815 0.00546875276606441 0.7412904915370193 -0.041126229312788594 0.7969899734023044 4.0747970509539796e-17 0.9093264248704664
1 0.285304659498208 0.944300518134715 0.22795698924731192 0.944300518134715 0.22795698924731192 0.9987046632124352 0.285304659498208 0.9987046632124352
1 1.0082678967207128 0.6288218939793787 0.9731023382340085 0.5454204176299611 0.9285457902017348 0.6067639996729135 0.9637113486884393 0.6901654760223314
1 1.0238887580775973 0.8523079686849969 0.9744237762603668 0.6607730418667976 0.8251811736389084 0.7866239930411101 0.8746461554561389 0.9781589198593096
1 0.9992831541218637 0.11917098445595876 0.974910394265233 0.11917098445595876 0.974910394265233 0.20984455958549245 0.9992831541218637 0.20984455958549245