1 0.7536006182290979 0.509372974452602 0.6019264143045423 0.3879307717932761 0.4977001833146984 0.563964559537859 0.649374387239254 0.6854067621971849
1 0.9672212890429226 0.6421337590867028 0.8376581080793755 0.5169034919782699 0.6982512051175352 0.7119478923088881 0.8278143860810824 0.8371781594173209
1 1.0590380880271255 0.2350968532271649 0.9685814925766203 0.15859428833933087 0.8045099911116962 0.4209402036597505 0.8949665865622015 0.4974427685475845
1 0.8547240450517508 0.05404374888031585 0.6869205671053676 -0.06897734381661219 0.6016298574327851 0.0883484812051108 0.7694333353791679 0.21136957390203884
1 0.5945451821950242 0.3303815097052857 0.44362909368645176 0.19601528881710933 0.3172441436008037 0.38797836962014726 0.46816023210937613 0.5223445905083236
1 0.41566155236326263 0.12944823729667623 0.27385311283789676 0.011053074668321757 0.13855860664075606 0.23019485906361956 0.28036704616612185 0.348590021691974
1 0.32923648634561564 0.7341614783457587 0.13421228531618337 0.5750094788972583 0.023416810075987993 0.7586106069006373 0.21844101110542027 0.9177626063491379
1 0.4992035978637685 0.8671823926781437 0.3631593741216153 0.761712791457834 0.2432305818420314 0.9709086947047288 0.37927480558418447 1.0763782959250385
1 0.633373934226553 0.9305949008498584 0.5152253349573692 0.9305949008498584 0.5152253349573692 0.9985835694050992 0.633373934226553 0.9985835694050992
1 0.9987819732034104 0.7294617563739377 0.8830694275274056 0.7294617563739377 0.8830694275274056 0.9660056657223796 0.9987819732034104 0.9660056657223796
1 0.5578562728380024 7.415531255460249e-17 0.4835566382460414 6.886469961211038e-17 0.4835566382460414 0.039660056657223865 0.5578562728380024 0.03966005665722387