1 0.20562031585431959 0.5990814690299924 0.16784037499999999 0.45928338750000003 0.07431846334186801 0.4845573558717985 0.11209840419618762 0.6243554374017909
1 0.31554434068573045 0.9177429754148717 0.2592931415668468 0.7943669524234992 0.15032157119361636 0.8440506863836277 0.2065727703125 0.967426709375
1 0.9208447582904903 0.6272304059212337 0.8732394359375 0.49511400624999996 0.78338059327201 0.5274927206412663 0.8309859156250002 0.6596091203125001
1 0.8361356681970928 0.6717470631331277 0.7910798124999998 0.5342019546875 0.7078239255252747 0.5614742093816723 0.7528797812223678 0.6990193178273001
1 0.5360374266071121 0.437732405121777 0.4976525828125 0.29315960937499996 0.4191143595939194 0.314011924048584 0.45749920338853156 0.4585847197953611
1 0.9988262906250001 0.42996742656250014 0.9237089203125001 0.42996742656250014 0.9237089203125001 0.5977198703125002 0.9988262906250001 0.5977198703125002
1 0.33625470407071734 0.5357476544928116 0.3004155105576792 0.3922921059807086 0.2092804491395551 0.41506018386869076 0.2451196426525933 0.5585157323807938
1 0.4123349610937141 0.4959549589431477 0.3742171359375 0.355726384375 0.29046316078128587 0.3784929238693523 0.3285809859375 0.5187214984375002
1 0.6206763219066659 0.3913446718992626 0.581710653718079 0.24925895846788917 0.4987491208739131 0.2720103771936266 0.5377147890624999 0.4140960906250001
1 0.8306167523794032 0.28720406789392705 0.7893086859374999 0.14867752500000003 0.7035557835580968 0.17424870085607294 0.74486385 0.31277524375
1 0.7498087149027887 0.3245417314459888 0.7035927234375 0.188876221875 0.6168990319722113 0.21840940917901133 0.6631150234375 0.35407491875000013
1 0.9988262906250001 0.04625570000000012 0.9174870890625 0.046255700000000115 0.9174870890625 0.2147573296875001 0.9988262906250001 0.2147573296875001
1 0.960986261411805 0.223307099933531 0.9095504687499998 0.08425081406250005 0.8180348651506947 0.11810169381646914 0.8694706578124999 0.2571579796875001
1 0.7120465358098985 0.7368387259954516 0.6682734734375 0.5947133546875001 0.5844206001276016 0.6205391240045486 0.6281936625 0.7626644953125001
1 0.6251477050524423 0.7850621530197193 0.5888619173833887 0.6302303330340401 0.5086835297884399 0.6490206304560202 0.5449693174574937 0.8038524504416994
1 0.5006309624586694 0.8431078863169841 0.4639025828125001 0.6971351796875 0.38290030652848417 0.717516266153991 0.41962868617465354 0.863488972783475
1 0.41919900883108346 0.8849672440659171 0.38136032812500004 0.7373338765625 0.2995715993579918 0.7582964654779066 0.3374102800640752 0.9059298329813237