1 0.3453620712971518 0.1294435241517998 0.23845486850972386 0.03850305849206507 0.16321340620102712 0.1929822137385091 0.270120608988455 0.28392267939824384
1 0.7633049649911282 0.37825580252460733 0.6091888991595745 0.22250733652536547 0.4894362456039695 0.4294605372161922 0.6435523114355232 0.5852090032154341
1 0.9156942975536174 0.14521007248092516 0.8186452138634117 0.025505800765288706 0.6919800498176627 0.20485599285119652 0.7890291335078685 0.32456026456683296
1 0.9787758284462947 0.5572515764634264 0.8711508145651665 0.41185975706817024 0.732998188549494 0.5904654342777232 0.8406232024306222 0.7358572536729793
1 0.6593673965936739 0.9951768488745981 0.657971162416997 0.8632461876755162 0.47684347342902245 0.8665939933182232 0.4782397076056992 0.9985246545173051
1 0.41747642685243624 0.7587801706872362 0.1983603557048426 0.61797939845773 0.14625653613445105 0.7595919091010576 0.36537260728204474 0.9003926813305639
1 0.12320532763873683 0.5605870093219205 0.016031240507727362 0.4616363842788386 -0.030841947331117982 0.5503026887192192 0.07633213979989148 0.6492533137623011
1 0.1143552311435524 0.8842443729903537 8.72300122750335e-17 0.8842443729903537 9.251893701587667e-17 0.9983922829581994 0.11435523114355242 0.9983922829581994
1 0.11313868613138686 1.112420323984332e-17 0.024330900243309004 3.9377710583516185e-18 0.024330900243309007 0.05627009646302252 0.11313868613138686 0.05627009646302253
1 0.9768856447688565 1.570733539662601e-16 0.8929792936987976 -0.0016070418141474825 0.8924420416701155 0.04738308770802092 0.9763483927401746 0.04899012952216855
1 0.9987834549878345 0.3681672025723475 0.9695863746958637 0.3681672025723475 0.9695863746958637 0.4630225080385854 0.9987834549878345 0.4630225080385854