1 0.12599328775759241 0.08917844713099789 0.039886105707372284 0.08208577591635723 0.03297183242251491 0.22336493744808594 0.11907901447273506 0.23045760866272663
1 0.368252896078895 0.04087105113262941 0.1883076091728867 0.021416991631249212 0.18124894457766225 0.1313061385444508 0.3611942314836706 0.15076019804583102
1 0.6026748623729271 0.041133943828594054 0.4240568745989395 0.02750295754282967 0.4183896788138741 0.15249090829426462 0.5970076665878618 0.166121894580029
1 0.8408186699989869 0.07660693160408372 0.6599007058664595 0.05704771502431768 0.652436759093519 0.1732462866406696 0.8333547232260462 0.19280550322043566
1 0.8574615580138151 0.30780839756243966 0.6785076502757437 0.29506776891548503 0.673831776820658 0.405606658483939 0.8527856845587294 0.41834728713089364
1 0.621666008300821 0.28881970136261215 0.44266805915552415 0.27659761174331515 0.43809827868896817 0.3892395066235162 0.6170962278342651 0.40146159624281325
1 0.3877677631179184 0.27235282048192044 0.20591231284130204 0.2587154314996562 0.20100683606239075 0.36881315448433727 0.3828622863390071 0.38245054346660157
1 0.08227228207639573 0.2770012706480305 2.620816117665981e-17 0.2770012706480305 3.22654249726384e-17 0.40533672172808133 0.08227228207639573 0.40533672172808133
1 0.026444662095984374 0.4726810673443456 4.461984420007986e-17 0.4726810673443456 4.923775818315264e-17 0.5705209656925032 0.02644466209598438 0.5705209656925032
1 0.02061061021538594 0.6090306888762944 0.0012007911874052715 0.6086245441612153 6.611318305309454e-17 0.7052096569250318 0.019409819027980738 0.7056158016401108
1 0.33840403690455806 0.5261872015136843 0.15595342095144576 0.5168129854085033 0.15253801517836704 0.6286935631485456 0.33498863113147936 0.6380677792537266
1 0.5752712082616949 0.5471589714884513 0.39476415788973607 0.5299400371109033 0.38836593296000177 0.6428284641557817 0.5688729833319605 0.6600473985333295
1 0.8107450849239148 0.5391824464623299 0.63110293590693 0.5318994638485139 0.6284551252956212 0.641822295224223 0.808097274312606 0.649105277838039
1 0.7303535590765012 0.8088870944525917 0.6280277038598373 0.7938991269313084 0.6147295190418122 0.9467039363977503 0.717055374258476 0.9616919039190337
1 0.5366325281575011 0.8015608742155356 0.4369302791987893 0.7813504238925438 0.41932104546188775 0.9275585267266097 0.5190232944205995 0.9477689770496015
1 0.33679780186275216 0.7896471801619616 0.23730317532502213 0.7822289314877423 0.2311704405018964 0.9206666535039535 0.3306650670396264 0.9280849021781727
1 0.16262937294229035 0.879070115295067 0.1606006328457913 0.7711602179894149 0.06192781551741607 0.7742824464733852 0.06395655561391515 0.8821923437790372
1 0.9647618136210578 0.7551071255554669 0.8797877555967462 0.7518163931978336 0.8742904677272494 0.9907318768628088 0.9592645257515611 0.9940226092204422
1 0.9990205680705191 0.35578144853875493 0.9030362389813908 0.35578144853875493 0.9030362389813908 0.4841168996188057 0.9990205680705191 0.4841168996188057
1 0.6219392752203722 0.7458703939008895 0.5367286973555337 0.7458703939008895 0.5367286973555337 0.795425667090216 0.6219392752203722 0.795425667090216
1 0.42691928517525407 0.7360234965734163 0.3422578314413706 0.730390984648072 0.34038246014033174 0.7778340658653945 0.42504391387421525 0.7834665777907388
1 0.7884481270438957 0.8217750428064421 0.7521736739241247 0.8207843060543445 0.7498366619085375 0.9647985884252959 0.7861111150283085 0.9657893251773935
1 1.0099368514121732 0.5746780118560856 0.995317781834396 0.5299729554679893 0.9123137840752751 0.575656954696701 0.9269328536530523 0.6203620110847974