1 0.29761212574403384 0.3715493341018231 0.20282312311074277 0.32419297213709547 0.1622539967312503 0.45702290832759845 0.25704299936454145 0.5043792702923261
1 0.16977851467735255 0.18232316767341078 0.10728825572597407 0.0907982542791656 0.02288224252472874 0.18506685730801217 0.08537250147610723 0.2765917707022574
1 0.06263982102908278 0.0028612303290414956 4.794478520151831e-19 0.0028612303290414904 7.260210330515628e-18 0.14449213161659513 0.06263982102908278 0.14449213161659513
1 0.5011185682326622 6.280913841120545e-17 0.30089485458612975 4.7128753786929615e-17 0.30089485458612975 0.13590844062947074 0.5011185682326622 0.13590844062947074
1 0.7564326626699042 0.14900841726937242 0.6887885321089964 0.08051752541746623 0.6213330181764353 0.189494673744929 0.688977148737343 0.2579855655968352
1 0.6555340696081072 0.30471009572865004 0.5301848401198971 0.13181824423392927 0.46018883245016934 0.21483028672823454 0.5855380619383795 0.38772213822295537
1 0.8714077180742489 0.000046504222238158236 0.6924081685556531 -0.0014304960756032583 0.6918140135658406 0.11635499310653813 0.8708135630844364 0.11783199340437957
1 1.0350424288179003 0.3080132178476402 0.9745821630486474 0.20204677525158504 0.878472733166561 0.29174593693019163 0.9389329989358141 0.39771237952624683
1 0.9782571384622858 0.7302187684974744 0.9674444021664332 0.6037806896289891 0.8695004628092928 0.6174818066823016 0.8803131991051454 0.7439198855507868
1 0.8655178668601489 0.7046668986583152 0.7826470766068082 0.6275838069829488 0.7274079448576093 0.7247264431813789 0.81027873511095 0.8018095348567454
1 0.8194356211536354 0.8126026813346316 0.7275676270249246 0.7284261527319106 0.6698769723142424 0.8314171766905554 0.7617449664429532 0.9155937052932762
1 0.5709599577709072 0.9214608349005804 0.46606590754845045 0.8905016797672438 0.44672347485106706 0.9977013711401521 0.5516175250735239 1.0286605262734887
1 0.27011185682326627 0.8774821173104437 0.2242953020134229 0.8335336194563664 0.17248322147651013 0.9218884120171675 0.2182997762863535 0.9658369098712448
1 0.15548098434004481 0.7567954220314735 0.03579418344519024 0.7567954220314735 0.035794183445190246 0.9985693848354793 0.15548098434004484 0.9985693848354793
1 0.29806152693080773 0.8248041073905433 0.2903791775968385 0.6872471914192138 0.14260325463609624 0.70074726040827 0.15028560397006552 0.8383041763795996
1 0.9988814317673378 0.0858369098712448 0.9373601789709173 0.08583690987124479 0.9373601789709173 0.218884120171674 0.9988814317673378 0.218884120171674