1 0.5788405530576552 0.3635171328212321 0.4903315305915644 0.27906273425815864 0.3760649437409456 0.4838155600786679 0.4645739662070364 0.5682699586417413
1 0.748018013159314 0.6787256924243225 0.7396208607485709 0.574415119620599 0.6231123934850609 0.5904515082597274 0.6315095458958041 0.6947620810634509
1 0.9632060928813162 0.6470923491718666 0.9434569991863827 0.4937636391143558 0.7785430949862007 0.530082008370986 0.798292188681134 0.6834107184284968
1 0.6947884186550665 0.8643865905236432 0.6135787377699679 0.7858356493893183 0.5432820177344416 0.9100972236205712 0.6244916986195402 0.9886481647548961
1 0.5741385002631292 0.7788897706930494 0.48902863143052894 0.6891405006159105 0.41975553812393884 0.8014609817888507 0.5048654069565391 0.8912102518659898
1 0.47243081944560267 0.6374640038785274 0.39603738072831673 0.5534642920422043 0.31173210478039715 0.6845569580819204 0.3881255434976831 0.7685566699182435
1 0.34285199426646673 0.551459221142479 0.2549212598425197 0.46589446589446587 0.1897475409117195 0.5804098066541505 0.2776782753356665 0.6659745619021636
1 0.23611718147113658 0.3985741409852425 0.14720115617594637 0.3276802387817132 0.08213211341860675 0.46721774432095337 0.17104813871379695 0.5381116465244826
1 0.40845126622685674 0.2321993808480295 0.31236699297722925 0.14245712894361548 0.2528463502872952 0.25141744060662985 0.3489306235369227 0.3411596925110439
1 0.2541239254496857 0.14474513832312005 0.15652857039659032 0.05494196686857241 0.11337950588745214 0.13511978557850118 0.2109748609405476 0.22492295703304882
1 0.13909136609274853 0.29287633384654876 0.051653375080031545 0.20591858847482825 -0.028929363438719356 0.34445990183077024 0.05850862757399762 0.4314176472024907
1 0.08700123860921888 0.7006059028530939 0.0056069185172078935 0.6340867352103308 -0.04830575953286732 0.7468801064306683 0.033088560559143665 0.8133992740734315
1 0.19446725692093927 0.7945940122410711 0.1145304093775609 0.7126691009043952 0.024948337905725582 0.8621196503549446 0.10488518544910395 0.9440445616916205
1 0.3083109970462951 0.9049418615474548 0.22847933545433152 0.8286588006935162 0.15555167465204758 0.9591510507614653 0.23538333624401114 1.035434111615404
1 0.3986220472440946 0.9498069498069498 0.30905511811023634 0.9498069498069498 0.30905511811023634 0.9987129987129987 0.3986220472440946 0.9987129987129987
1 0.8628756478279479 0.22072952890317002 0.7471811978234829 0.15166633195573376 0.7071440449099123 0.26634282754736427 0.8228384949143773 0.3354060244948005
1 0.9990157480314961 0.07078507078507094 0.9045275590551181 0.07078507078507094 0.9045275590551181 0.24839124839124854 0.9990157480314961 0.24839124839124854
1 0.9192913385826772 1.3278827905812678e-16 0.7372047244094488 1.1820915049684876e-16 0.7372047244094488 0.12741312741312755 0.9192913385826772 0.12741312741312755
1 0.5679133858267716 9.03038547700256e-17 0.4360383115570486 -0.0012868579444287114 0.4356470663294949 0.06726615397328777 0.567522140599218 0.06855301191771657
1 0.7599271741513577 0.16638887082338452 0.6166520275116867 0.023928136750412547 0.5612415176360088 0.11921065100851977 0.70451666427568 0.26167138508149174
1 0.9486971139256679 0.29425078512299624 0.8738061203302933 0.223525756994317 0.841415645813036 0.28216915843690704 0.9163066394084106 0.35289418656558624
1 1.031154918490621 0.8778431229793098 0.8886472530502678 0.7360611134930201 0.8324939253889283 0.8325634823689299 0.9750015908292816 0.9743454918552195
1 0.7933070866141733 0.9202059202059202 0.6673228346456693 0.9202059202059202 0.6673228346456693 0.9987129987129987 0.7933070866141733 0.9987129987129987