1 0.5964699431612823 0.16946765865783303 0.5902109524311099 0.02400847078480746 0.44755039825569704 0.03743461990936797 0.4538093889858695 0.18289380778239353
1 0.7922529583014472 0.1572531326155141 0.7913203356940574 -0.001362498726997199 0.6335705743099475 0.0006661790680282272 0.6345031969173373 0.15928181041053951
1 0.8977482131483971 0.12699529042386185 0.8930946146769513 0.003114599686028248 0.8099922156959873 0.009942438513867094 0.8146458141674332 0.1338231292517007
1 0.9167626405815672 0.474558994749676 0.9095286995839865 0.32121584909528933 0.7707122931444422 0.33553890878202736 0.777946234142023 0.48888205443641397
1 0.7296654475284402 0.5106354737016758 0.7133753674243274 0.29381118300978937 0.6043260708596047 0.31173054587688737 0.6206161509637175 0.5285548365687738
1 0.5953381650557538 0.5312068325545414 0.5771108370351571 0.3107969347861531 0.4924760521052895 0.326105173328893 0.5107033801258862 0.5465150710972813
1 0.460880689569824 0.5665332583600701 0.4473116051046775 0.3324127057630184 0.3319807240125306 0.3470324920892182 0.3455498084776771 0.5811530446862699
1 0.3288632413767358 0.5712288665555681 0.3201421903762223 0.3538111158010761 0.20187533441910022 0.364186908571487 0.21059638541961365 0.581604659325979
1 0.1897705804983591 0.5873100433807474 0.18064551875718698 0.36945961408436045 0.06621136933271307 0.3799433831888192 0.07533643107388513 0.5977938124852062
1 0.04967801287948487 0.43673469387755104 3.6277485678514054e-17 0.43673469387755104 4.3318923116113824e-17 0.6068027210884354 0.049678012879484874 0.6068027210884354
1 0.0965961361545539 0.8843537414965986 7.362526984754326e-17 0.8843537414965986 7.835711580561032e-17 0.998639455782313 0.0965961361545539 0.998639455782313
1 0.2309107635694573 0.8721088435374149 0.11591536338546465 0.8721088435374149 0.11591536338546465 0.998639455782313 0.23091076356945733 0.998639455782313
1 0.3725850965961361 0.998639455782313 0.3709537245003883 0.8526738247364497 0.25180922431931674 0.8555862905080092 0.2534405964150645 1.0015519215538724
1 0.5032198712051518 0.9959183673469386 0.5011590297852117 0.829813146966822 0.3956013606321544 0.8326775590337102 0.39766220205209457 0.9987827794138269
1 0.6581049528430586 0.9702930439447238 0.6313316483390907 0.7871645517941999 0.5040133635408247 0.8278764401783044 0.5307866680447925 1.0110049323288284
1 0.7847286108555658 0.7972789115646258 0.6531738730450782 0.7972789115646258 0.6531738730450782 0.998639455782313 0.7847286108555658 0.998639455782313
1 1.0492832465667092 0.8680687149932608 0.949953681109002 0.7845375454074718 0.8983862958090625 0.9186562945922124 0.9977158612667695 1.0021874641780013
1 0.4207031292474323 0.1911854608148239 0.4059011869325653 -0.009811551049406396 0.258551192538619 0.013922050122122075 0.273353134853486 0.21491906198635236
1 0.21935467208610784 0.2131668543506463 0.2109120281848939 0.07998366820106549 0.08147240422096573 0.09793020790116626 0.08991504812217967 0.2311133940507471
1 0.04047838086476542 0.08435374149659863 7.041437437599777e-18 0.08435374149659863 1.2167603892172414e-17 0.20816326530612245 0.04047838086476542 0.20816326530612245