1 0.5280993925853961 0.6061670425748323 0.5273803421875 0.46063727187500003 0.45767029880299887 0.4609817033558712 0.45838934920089497 0.6065114740557035
1 0.45895789182027197 0.6081450082175583 0.45678604396630124 0.46102418522200284 0.38036636787240274 0.46215231858984485 0.38253821572637353 0.6092731415854004
1 0.672630932761051 0.6014668901965414 0.6709876382978417 0.45907129192766893 0.5971096977242908 0.45992386891862747 0.5987529921875001 0.6023194671875001
1 0.7625923078125 0.4661131453125001 0.6715307687500001 0.4661131453125 0.6715307687500001 0.5988968390625 0.7625923078125 0.5988968390625
1 0.8980428412060524 0.5987990355777608 0.8966265374676421 0.40792929812905837 0.7910606196990898 0.40871262505129763 0.7924769234375 0.5995823625000001
1 0.78253060560692 0.3104346679734637 0.7752963456377634 0.18873849663775735 0.6780084744058433 0.19452179897679361 0.6852427343749999 0.3162179703125
1 0.68172735 0.3175873546875 0.680740249197594 0.194060723411225 0.5949640248654389 0.1947461608670255 0.5959511256678448 0.3182727921433005
1 0.5455354944159121 0.24928668685788463 0.5438404560493362 0.12385922202399965 0.453258808508424 0.12508335079111504 0.45495384687499996 0.250510815625
1 0.4569732501510259 0.24908625312853286 0.4540843340691015 0.12492141923012008 0.36178275991186054 0.12706897980421913 0.36467167599378497 0.2512338137026319
1 0.2581069778625068 0.48962943024143035 0.25592392511111334 0.29908268447936265 0.15778874256110656 0.3002069979879323 0.1599717953125 0.49075374375000014
1 0.24999632579445782 0.7978231006316138 0.24893582537963116 0.566675446671044 0.15014803283594536 0.5671286829171287 0.15120853325077202 0.7982763368776985
1 0.2540226222562788 0.9346607166994975 0.25185133035493645 0.7952193469198083 0.18838853778615766 0.7962075489703107 0.1905598296875 0.9356489187499999
1 0.4796010682796822 0.9668504418406048 0.4777934991880741 0.7754428162663618 0.3745254089939121 0.7764180345076641 0.37633297808552013 0.9678256600819072
1 0.6228384029976594 0.7707973876527288 0.5184303379438757 0.7705022421527292 0.5178880343750001 0.9623427625000002 0.6222960994287837 0.9626379079999996