1 0.15508021406250008 0.15492957812500002 0.01340967929815399 0.15380896668444088 0.011577592429111636 0.3854260259770613 0.15324812719345773 0.3865466374176204
1 0.33155080156250005 0.35814889375000003 0.32996425294458004 0.1480221866927325 0.15607103161810437 0.14933515663275057 0.15765758023602433 0.35946186369001804
1 0.5027068962755187 0.3423068517769823 0.49997780546207504 0.15542179309302326 0.37924196026042345 0.15718490400361987 0.3819710510738671 0.3440699626875789
1 0.7434385595855758 0.3236923908842432 0.7360407469717889 0.138877848711424 0.5286984436362131 0.1471774093896808 0.53609625625 0.3319919515625
1 0.16744077579417585 0.5791687419321019 0.00287618187761398 0.5773318859286647 -0.0001835782915617229 0.8514569064965629 0.16438101562500013 0.8532937625000001
1 0.3389287566924545 0.8208957990512271 0.3366495854528488 0.6357206312125016 0.20377965219789435 0.6373560196612743 0.20605882343749998 0.8225311874999999
1 0.5392123230221095 0.5785859349299118 0.38248849760531295 0.5774158973227875 0.38083914913497025 0.7983423018618232 0.5375629745517669 0.7995123394689476
1 0.7086224358767282 0.6762895176273562 0.5402598929645068 0.6733456607940544 0.5370667064795965 0.8559676519557108 0.705429249391818 0.8589115087890127
1 0.9003799199677193 0.585656987282061 0.8141711234375 0.3521126765625001 0.6877542317259934 0.3987772605207307 0.7739630282562127 0.6323215712402915
1 0.9380134028982429 0.8047958060532693 0.8645989801462933 0.5985460809378844 0.6870385602999558 0.6617485686954806 0.7604529830519053 0.8679982938108655
1 0.061497326562500065 0.4889336015625 5.98770970149103e-17 0.4889336015625 6.517486481999557e-17 0.575452715625 0.061497326562500065 0.575452715625