0 0.865247015071349 0.1015182067564202 0.6696912994423078 0.09883936083834503 0.6668781468709585 0.30419946033192496 0.8624338624999999 0.3068783062500001
0 0.34495559959774624 0.07535171512448409 0.14420719534088408 0.06439096330873002 0.13214299625401588 0.2853492293142515 0.332891400510878 0.29630998113000556
0 0.4920634921875 0.27777777812500004 0.29365079375 0.27777777812500004 0.29365079375 0.4735449734375 0.4920634921875 0.4735449734375
0 0.6483124532222427 0.462355623058565 0.4518547865088064 0.45857759031979883 0.44783127456751914 0.6678001732445513 0.6442889412809555 0.6715782059833175
0 0.8227513234374999 0.616402115625 0.6322751328125001 0.6164021156249999 0.6322751328125003 0.8340291000000001 0.8227513234374999 0.8340291000000001
0 0.9649126984375002 0.8214973546875001 0.7833276948650642 0.8156433639649917 0.7797042264291474 0.9280397718292335 0.9612892300015833 0.9338937625517418
0 0.997354496875 0.8333333328125001 0.9603174609374999 0.8333333328125001 0.9603174609374999 0.9603174609374999 0.997354496875 0.9603174609374999
1 0.17617045675128748 0.7645486897368701 0.10896324968131857 0.6941411408232379 0.04390390386753111 0.7562432448363678 0.11111111093750003 0.8266507937500002
1 0.4153439156250001 0.8583968250000001 0.35551485485865564 0.7871717541014218 0.2984355296834355 0.835118388219526 0.35826459044978 0.9063434591181044
1 0.3292268584876744 0.6913701720333528 0.2328042328125001 0.5753280421875001 0.17939310497381816 0.6197088303832983 0.27581573064899256 0.7357509602291511
1 0.3228253673872298 0.9675419448421249 0.24844082802702278 0.8758910427223732 0.19806086279855747 0.9167797892576355 0.2724454021587645 1.0084306913773868
1 0.17951553607152465 0.535720957529053 0.08798214529238631 0.42221955365491404 -0.0001301067471781714 0.4932778218619827 0.09140328403196016 0.6067792257361215