0 0.5056179775280899 0.47301093749999995 0.2488076302297301 0.3685930341705509 0.21409214100649085 0.4742652657306243 0.47090248830485065 0.5786831690600733
0 0.6067183407440324 0.15412051253101147 0.5068946629213483 0.11363593750000008 0.36748952442450683 0.5390607374689886 0.467313202247191 0.5795453125
0 0.6396839887640451 0.16761406250000013 0.42771227415057345 0.09186600561149513 0.3998451602586599 0.18838181298173878 0.6118168748721315 0.2641298698702438
0 0.8304663580008067 0.23396629159773807 0.7239536516853933 0.1946015625000001 0.5957344846958226 0.623986833402262 0.702247191011236 0.6633515625000002
0 0.9333497191011235 0.6164765625000003 0.6322023807818455 0.4994226714507176 0.5949943820224721 0.6178984375000001 0.8961417203417502 0.7349523285492827
0 0.9029311500515378 0.8859654435002497 0.5911643258426967 0.7713062500000001 0.5577430072518332 0.8837783064997504 0.8695098314606743 0.9984375
0 0.47114466292134843 0.7159093750000002 0.28192154869145264 0.6457382791682633 0.2436167734105538 0.7735789041682632 0.4328398876404496 0.8437500000000002
0 0.2509694602326846 0.610787251265938 5.98771968337163e-17 0.5198859375 -0.04397537055684269 0.6701517775732115 0.20699408967584185 0.7610530913391494
0 0.20480088223237625 0.31079526157230114 0.06767134831460679 0.25994375000000003 0.014301304622642291 0.4380686898145414 0.15143083854041176 0.48892020138684245
0 0.27706882022471907 2.1048616860345134e-17 0.03191994382022472 4.348835594409671e-18 0.03191994382022473 0.2144890625 0.27706882022471907 0.2144890625
0 1.0237760461044247 0.3165932229832755 0.8644030898876404 0.24573906250000005 0.8100249330497054 0.39712090753239876 0.9693978892664897 0.4679750680156742
1 0.2695886731219762 0.9318180559657414 0.12921597191343082 0.8778702746603662 0.10766117257444742 0.9472852370053161 0.24803387378299283 1.0012330183106912
1 0.44382022471910126 0.946875 0.34691011235955066 0.946875 0.34691011235955066 0.9984375 0.44382022471910126 0.9984375
0 0.1087728766988863 0.8288236899563319 0.0028089887640450235 0.80625 -0.028422305088072156 0.9876951419213974 0.07754158284676912 1.0102688318777293
1 1.0034831460674158 0.13225000000000003 0.9958592200925314 0.05026102941176473 0.9005981493721085 0.06122426470588238 0.9082220753469928 0.14321323529411767
1 0.8979379099824643 0.010713511560693778 0.8286516853932584 -0.014062499999999912 0.800243553939079 0.08426119942196537 0.8695297785282848 0.10903721098265906
1 0.7853405132230998 0.0372161572052403 0.7382856582110788 -0.03992903930131 0.6769098670330209 0.006404203056768543 0.7239647220450419 0.08354939956331883